ASTRO 422 
LSDC 
Richard Phernetton 
No. of iterations:             1   


Inputs
***************************************************************************
Semimajor Axis:      6541.271283   km
Inclination:            0.902144   rad
                       51.689060   deg
Eccentricity:           0.006442   
RAAN:                   2.428735   rad
                      139.156291   deg
Argument of Perigee:         NaN   rad
                             NaN   deg
True Anomoly:                NaN   rad
                             NaN   deg
Position:            2044.270185 I km
                    -5234.213571 J km
                     3319.630055 K km
Velocity:               6.338852 I km/s
                       -0.593050 J km/s
                       -4.719229 K km/s
Year:                       2015     
Month:                         3     
Day:                           1     
Hour:                         12     
Minute:                        0     
Second:                 0.000000     


Output
***************************************************************************
Semi Major Axis:     6636.578751   km
Inclination:            0.900262   rad
                       51.581187   deg
Eccentricity:           0.010724   
RAAN:                   2.425875   rad
                      138.992393   deg
Argument of Perigee:         NaN   rad
                             NaN   deg
True Anomaly:                NaN   rad
                             NaN   deg
Position:            2107.047784 I km
                    -5287.920251 J km
                     3288.037328 K km
Velocity:               6.237008 I km/s
                       -0.485026 J km/s
                       -4.698451 K km/s


Trouble Shooting
*****************************************************************

Iteration Error:        4.012628e+04   

A matrix:

    0.0903    -0.9819     0.6912   -69.9509  -481.0128   388.5545 
    0.0003     0.0003     0.0005     0.2314     0.2514     0.3697 
    0.0008    -0.0007     0.0000     0.4983    -0.3145    -0.0792 
    0.1427    -1.0413     0.6750   -49.5538  -522.9187   382.1102 
    0.0004     0.0003     0.0006     0.2684     0.2822     0.4498 
    0.0010    -0.0008     0.0000     0.5965    -0.3513    -0.1076 
    0.2032    -1.1102     0.6525   -23.0387  -571.4450   367.3714 
    0.0004     0.0003     0.0007     0.3154     0.3154     0.5631 
    0.0011    -0.0009     0.0000     0.7259    -0.3881    -0.1475 
    0.2750    -1.1904     0.6192    12.4045  -628.2733   339.0985 
    0.0005     0.0003     0.0009     0.3760     0.3453     0.7324 
    0.0013    -0.0010    -0.0000     0.9009    -0.4153    -0.2035 
    0.3619    -1.2813     0.5656    61.2935  -694.0641   287.3949 
    0.0006     0.0002     0.0012     0.4521     0.3509     1.0035 
    0.0016    -0.0010    -0.0001     1.1421    -0.4064    -0.2759 
    0.4659    -1.3695     0.4720   129.9443  -763.0990   193.5851 
    0.0008    -0.0002     0.0018     0.5301     0.2529     1.4680 
    0.0019    -0.0009    -0.0001     1.4703    -0.2990    -0.3327 
    0.5728    -1.3988     0.3027   221.2207  -805.2769    28.9261 
    0.0011    -0.0012     0.0027     0.4967    -0.2432     2.2360 
    0.0023    -0.0007     0.0001     1.8640    -0.0279    -0.1921 
    0.6214    -1.2380     0.0331   312.2873  -742.8197  -212.6835 
    0.0010    -0.0034     0.0035    -0.0719    -1.6719     2.6988 
    0.0026    -0.0009     0.0009     2.1249     0.0219     0.5301 
    0.5442    -0.8380    -0.2566   349.9026  -534.9640  -444.0531 
    0.0002    -0.0040     0.0021    -0.8254    -2.4786     1.3544 
    0.0028    -0.0023     0.0017     1.9701    -0.7456     1.1221 
    0.3957    -0.4024    -0.4506   330.0628  -291.4143  -579.5233 
   -0.0002    -0.0027     0.0007    -0.8520    -1.9110     0.2318 
    0.0025    -0.0028     0.0016     1.6690    -1.2150     0.8991 
    0.2556    -0.0731    -0.5508   291.1667   -99.7877  -641.0090 
   -0.0002    -0.0017     0.0002    -0.6900    -1.3687    -0.1459 
    0.0022    -0.0026     0.0012     1.4142    -1.2136     0.5729 
    0.1433     0.1553    -0.5997   253.0119    37.2587  -668.8938 
   -0.0002    -0.0012    -0.0000    -0.5555    -1.0313    -0.2561 
    0.0018    -0.0022     0.0009     1.2167    -1.0825     0.3581 
    0.0538     0.3173    -0.6239   219.5595   137.2640  -683.3083 
   -0.0002    -0.0009    -0.0001    -0.4593    -0.8195    -0.2824 
    0.0016    -0.0019     0.0007     1.0670    -0.9477     0.2288 
   -0.0200     0.4381    -0.6357   190.3337   213.8494  -692.2475 
   -0.0001    -0.0007    -0.0001    -0.3900    -0.6785    -0.2811 
    0.0014    -0.0017     0.0006     0.9531    -0.8352     0.1489 
   -0.0834     0.5328    -0.6409   164.2149   275.4165  -698.8458 
   -0.0001    -0.0006    -0.0001    -0.3385    -0.5794    -0.2704 
    0.0012    -0.0015     0.0005     0.8650    -0.7453     0.0971 
   -0.1396     0.6102    -0.6423   140.2502   327.0174  -704.3713 
   -0.0001    -0.0005    -0.0001    -0.2990    -0.5063    -0.2570 
    0.0011    -0.0013     0.0004     0.7957    -0.6736     0.0620 
   -0.1907     0.6758    -0.6415   117.7399   371.7600  -709.3483 
   -0.0001    -0.0004    -0.0001    -0.2677    -0.4506    -0.2433 
    0.0010    -0.0012     0.0004     0.7402    -0.6160     0.0370 

B tilde matrix:

   -0.1729 
    0.0004 
    0.0006 
   -0.0000 
   -0.0000 
    0.0000 
   -0.1375 
    0.0005 
    0.0008 
   -0.0287 
    0.0004 
   -0.0012 
   -0.7819 
    0.0023 
   -0.0046 
   -1.9402 
    0.0042 
   -0.0073 
   -3.5686 
    0.0082 
   -0.0099 
   -6.1380 
    0.0095 
   -0.0085 
   -7.6431 
    0.0035 
   -0.0087 
   -8.2483 
   -0.0017 
   -0.0122 
   -8.0816 
   -0.0039 
   -0.0140 
   -8.0764 
   -0.0052 
   -0.0134 
   -7.7854 
   -0.0042 
   -0.0133 
   -7.8413 
   -0.0039 
   -0.0137 
   -7.5027 
   -0.0036 
   -0.0137 
   -7.4155 
   -0.0037 
   -0.0128 
   -7.1789 
   -0.0030 
   -0.0131 

Covariance matrix:

    0.5781    -0.1792     0.1225    -0.0008     0.0005    -0.0003 
   -0.1792     0.3563     0.1103     0.0003    -0.0006     0.0000 
    0.1225     0.1103     0.1609    -0.0001    -0.0001    -0.0002 
   -0.0008     0.0003    -0.0001     0.0000    -0.0000     0.0000 
    0.0005    -0.0006    -0.0001    -0.0000     0.0000    -0.0000 
   -0.0003     0.0000    -0.0002     0.0000    -0.0000     0.0000 

Sigmas:

rx                        0.7603     
ry                        0.5969     
rz                        0.4011     
vx                        0.0010     
vy                        0.0011     
vz                        0.0005     
