ASTRO 422 
LSDC 
Richard Phernetton 
No. of iterations:             2   


Inputs
***************************************************************************
Semimajor Axis:      6627.259536   km
Inclination:            0.903284   rad
                       51.754335   deg
Eccentricity:           0.015233   
RAAN:                   2.427501   rad
                      139.085559   deg
Argument of Perigee:    2.365435   rad
                      135.529426   deg
True Anomoly:           0.071673   rad
                        4.106572   deg
Position:            2044.270185 I km
                    -5234.213571 J km
                     3319.630055 K km
Velocity:               6.338852 I km/s
                       -0.593050 J km/s
                       -4.719229 K km/s
Year:                       2015     
Month:                         3     
Day:                           1     
Hour:                         12     
Minute:                        0     
Second:                 0.000000     


Output
***************************************************************************
Semi Major Axis:     6674.064304   km
Inclination:            0.902294   rad
                       51.697629   deg
Eccentricity:           0.019850   
RAAN:                   2.426020   rad
                      139.000684   deg
Argument of Perigee:    2.096801   rad
                      120.137836   deg
True Anomaly:           0.346773   rad
                       19.868608   deg
Position:            2075.182269 I km
                    -5260.660121 J km
                     3303.144591 K km
Velocity:               6.288760 I km/s
                       -0.540056 J km/s
                       -4.707595 K km/s


Trouble Shooting
*****************************************************************

Iteration Error:        9.986963e-01   

A matrix:

    0.0899    -0.9803     0.6882   -69.4444  -481.3040   387.9308 
    0.0003     0.0003     0.0005     0.2315     0.2516     0.3701 
    0.0008    -0.0007     0.0000     0.4986    -0.3133    -0.0804 
    0.1414    -1.0386     0.6718   -49.5124  -522.7236   381.6575 
    0.0004     0.0003     0.0006     0.2685     0.2827     0.4501 
    0.0010    -0.0008     0.0000     0.5966    -0.3505    -0.1085 
    0.2008    -1.1062     0.6492   -23.6732  -570.6467   367.2320 
    0.0004     0.0003     0.0007     0.3155     0.3162     0.5630 
    0.0011    -0.0009     0.0000     0.7260    -0.3880    -0.1481 
    0.2712    -1.1851     0.6159    10.7865  -626.7820   339.5133 
    0.0005     0.0003     0.0009     0.3761     0.3469     0.7317 
    0.0013    -0.0010    -0.0000     0.9013    -0.4169    -0.2036 
    0.3564    -1.2747     0.5627    58.2697  -691.9602   288.7502 
    0.0006     0.0002     0.0012     0.4526     0.3542     1.0018 
    0.0016    -0.0010    -0.0001     1.1441    -0.4121    -0.2759 
    0.4586    -1.3630     0.4699   125.0910  -761.0380   196.3234 
    0.0008    -0.0002     0.0018     0.5321     0.2608     1.4652 
    0.0020    -0.0009    -0.0001     1.4778    -0.3121    -0.3348 
    0.5649    -1.3955     0.3014   214.7175  -805.0107    32.6250 
    0.0011    -0.0012     0.0027     0.5037    -0.2253     2.2378 
    0.0023    -0.0007     0.0001     1.8866    -0.0468    -0.2026 
    0.6147    -1.2385     0.0298   305.6032  -744.8109  -211.4297 
    0.0010    -0.0034     0.0035    -0.0621    -1.6621     2.7306 
    0.0027    -0.0009     0.0009     2.1720     0.0121     0.5208 
    0.5367    -0.8332    -0.2652   343.3232  -533.6889  -447.7502 
    0.0002    -0.0040     0.0021    -0.8360    -2.5062     1.3763 
    0.0028    -0.0023     0.0018     2.0226    -0.7692     1.1319 
    0.3850    -0.3888    -0.4613   322.3800  -284.3460  -584.7585 
   -0.0002    -0.0027     0.0007    -0.8638    -1.9302     0.2287 
    0.0026    -0.0029     0.0016     1.7090    -1.2459     0.8985 
    0.2430    -0.0552    -0.5605   282.4179   -89.4508  -645.2590 
   -0.0002    -0.0017     0.0002    -0.6976    -1.3782    -0.1534 
    0.0022    -0.0026     0.0012     1.4419    -1.2346     0.5630 
    0.1300     0.1742    -0.6077   243.6411    48.8303  -671.7920 
   -0.0002    -0.0012    -0.0000    -0.5604    -1.0364    -0.2631 
    0.0018    -0.0022     0.0009     1.2359    -1.0944     0.3459 
    0.0404     0.3361    -0.6304   209.8331   149.1845  -685.0843 
   -0.0002    -0.0009    -0.0001    -0.4627    -0.8225    -0.2884 
    0.0016    -0.0019     0.0007     1.0808    -0.9541     0.2169 
   -0.0334     0.4564    -0.6410   180.3624   225.7960  -693.1600 
   -0.0001    -0.0007    -0.0001    -0.3926    -0.6804    -0.2860 
    0.0014    -0.0017     0.0005     0.9633    -0.8382     0.1381 
   -0.0966     0.5504    -0.6453   154.0307   287.2908  -699.0867 
   -0.0001    -0.0006    -0.0001    -0.3405    -0.5806    -0.2746 
    0.0012    -0.0015     0.0005     0.8728    -0.7463     0.0874 
   -0.1527     0.6273    -0.6460   129.8498   338.8065  -704.0713 
   -0.0001    -0.0005    -0.0001    -0.3006    -0.5073    -0.2606 
    0.0011    -0.0013     0.0004     0.8018    -0.6734     0.0533 
   -0.2038     0.6925    -0.6446   107.1052   383.4822  -708.5956 
   -0.0001    -0.0004    -0.0001    -0.2691    -0.4513    -0.2465 
    0.0010    -0.0012     0.0003     0.7452    -0.6150     0.0291 

B tilde matrix:

   -0.0459 
    0.0008 
   -0.0013 
    0.0000 
    0.0000 
   -0.0009 
   -0.1196 
    0.0000 
    0.0012 
    0.2183 
   -0.0008 
    0.0009 
    0.0200 
   -0.0002 
   -0.0001 
   -0.0689 
   -0.0002 
    0.0002 
    0.0958 
    0.0007 
   -0.0002 
   -0.1814 
    0.0006 
    0.0003 
   -0.0234 
    0.0009 
    0.0001 
   -0.1177 
    0.0004 
   -0.0004 
   -0.0089 
   -0.0004 
   -0.0004 
   -0.1940 
   -0.0013 
    0.0007 
   -0.0924 
   -0.0003 
    0.0007 
   -0.3141 
   -0.0000 
    0.0000 
   -0.1231 
    0.0002 
   -0.0003 
   -0.1751 
   -0.0001 
    0.0004 
   -0.0778 
    0.0006 
   -0.0002 

Covariance matrix:

    0.5745    -0.1774     0.1182    -0.0008     0.0005    -0.0003 
   -0.1774     0.3537     0.1129     0.0003    -0.0006     0.0000 
    0.1182     0.1129     0.1608    -0.0001    -0.0001    -0.0001 
   -0.0008     0.0003    -0.0001     0.0000    -0.0000     0.0000 
    0.0005    -0.0006    -0.0001    -0.0000     0.0000    -0.0000 
   -0.0003     0.0000    -0.0001     0.0000    -0.0000     0.0000 

Sigmas:

rx                        0.7579     
ry                        0.5947     
rz                        0.4010     
vx                        0.0010     
vy                        0.0011     
vz                        0.0005     
