ASTRO 422 
LSDC 
Richard Phernetton 
No. of iterations:             4   


Inputs
***************************************************************************
Semimajor Axis:      6627.270232   km
Inclination:            0.903312   rad
                       51.755979   deg
Eccentricity:           0.015227   
RAAN:                   2.427470   rad
                      139.083780   deg
Argument of Perigee:    2.372683   rad
                      135.944725   deg
True Anomoly:           0.064444   rad
                        3.692375   deg
Position:            2044.270185 I km
                    -5234.213571 J km
                     3319.630055 K km
Velocity:               6.338852 I km/s
                       -0.593050 J km/s
                       -4.719229 K km/s
Year:                       2015     
Month:                         3     
Day:                           1     
Hour:                         12     
Minute:                        0     
Second:                 0.000000     


Output
***************************************************************************
Semimajor Axis:      6674.932391   km
Inclination:            0.902344   rad
                       51.700511   deg
Eccentricity:           0.019876   
RAAN:                   2.426021   rad
                      139.000742   deg
Argument of Perigee:    2.103192   rad
                      120.504053   deg
True Anomoly:           0.340380   rad
                       19.502316   deg
Position:            2075.420632 I km
                    -5260.863529 J km
                     3303.489144 K km
Velocity:               6.288345 I km/s
                       -0.539547 J km/s
                       -4.708218 K km/s


Trouble Shooting
*****************************************************************

Iteration Error:        6.513818e-10   

A matrix:
    0.0899    -0.9803     0.6882   -69.4603  -481.2930   387.9351 
    0.0003     0.0003     0.0005     0.2315     0.2516     0.3701 
    0.0008    -0.0007     0.0000     0.4986    -0.3134    -0.0804 
    0.1414    -1.0386     0.6718   -49.5273  -522.7103   381.6674 
    0.0004     0.0003     0.0006     0.2685     0.2827     0.4501 
    0.0010    -0.0008     0.0000     0.5966    -0.3505    -0.1085 
    0.2008    -1.1062     0.6492   -23.6868  -570.6298   367.2506 
    0.0004     0.0003     0.0007     0.3155     0.3162     0.5630 
    0.0011    -0.0009     0.0000     0.7260    -0.3880    -0.1481 
    0.2712    -1.1851     0.6160    10.7744  -626.7614   339.5460 
    0.0005     0.0003     0.0009     0.3761     0.3469     0.7317 
    0.0013    -0.0010    -0.0000     0.9013    -0.4170    -0.2036 
    0.3564    -1.2747     0.5628    58.2596  -691.9376   288.8062 
    0.0006     0.0002     0.0012     0.4526     0.3543     1.0017 
    0.0016    -0.0010    -0.0001     1.1441    -0.4121    -0.2759 
    0.4586    -1.3630     0.4701   125.0853  -761.0227   196.4187 
    0.0008    -0.0002     0.0018     0.5321     0.2610     1.4650 
    0.0020    -0.0009    -0.0001     1.4778    -0.3122    -0.3349 
    0.5650    -1.3956     0.3016   214.7272  -805.0345    32.7754 
    0.0011    -0.0012     0.0027     0.5040    -0.2247     2.2376 
    0.0023    -0.0007     0.0001     1.8866    -0.0469    -0.2029 
    0.6149    -1.2388     0.0300   305.6564  -744.9188  -211.2510 
    0.0010    -0.0034     0.0035    -0.0616    -1.6615     2.7315 
    0.0027    -0.0009     0.0009     2.1721     0.0126     0.5203 
    0.5369    -0.8335    -0.2650   343.4262  -533.8383  -447.6198 
    0.0002    -0.0040     0.0021    -0.8360    -2.5070     1.3774 
    0.0028    -0.0023     0.0018     2.0229    -0.7689     1.1322 
    0.3852    -0.3891    -0.4612   322.4940  -284.4570  -584.6850 
   -0.0002    -0.0027     0.0007    -0.8640    -1.9309     0.2288 
    0.0026    -0.0029     0.0016     1.7093    -1.2461     0.8989 
    0.2431    -0.0554    -0.5604   282.5208   -89.5151  -645.2121 
   -0.0002    -0.0017     0.0002    -0.6978    -1.3786    -0.1535 
    0.0022    -0.0026     0.0012     1.4421    -1.2349     0.5633 
    0.1301     0.1741    -0.6076   243.7307    48.7964  -671.7549 
   -0.0002    -0.0012    -0.0000    -0.5605    -1.0366    -0.2632 
    0.0018    -0.0022     0.0009     1.2361    -1.0947     0.3461 
    0.0405     0.3360    -0.6303   209.9121   149.1690  -685.0509 
   -0.0002    -0.0009    -0.0001    -0.4628    -0.8226    -0.2885 
    0.0016    -0.0019     0.0007     1.0810    -0.9543     0.2171 
   -0.0333     0.4563    -0.6410   180.4332   225.7917  -693.1281 
   -0.0001    -0.0007    -0.0001    -0.3926    -0.6805    -0.2861 
    0.0014    -0.0017     0.0005     0.9634    -0.8384     0.1382 
   -0.0966     0.5504    -0.6452   154.0953   287.2939  -699.0553 
   -0.0001    -0.0006    -0.0001    -0.3405    -0.5807    -0.2747 
    0.0012    -0.0015     0.0005     0.8730    -0.7464     0.0875 
   -0.1527     0.6273    -0.6460   129.9095   338.8146  -704.0402 
   -0.0001    -0.0005    -0.0001    -0.3006    -0.5073    -0.2607 
    0.0011    -0.0013     0.0004     0.8020    -0.6735     0.0533 
   -0.2038     0.6925    -0.6446   107.1608   383.4945  -708.5647 
   -0.0001    -0.0004    -0.0001    -0.2691    -0.4513    -0.2466 
    0.0010    -0.0012     0.0003     0.7453    -0.6151     0.0292 

B tilde matrix:
   -0.0458 
    0.0008 
   -0.0013 
   -0.0069 
    0.0000 
   -0.0009 
   -0.1325 
    0.0000 
    0.0012 
    0.2012 
   -0.0009 
    0.0010 
    0.0018 
   -0.0002 
   -0.0000 
   -0.0821 
   -0.0003 
    0.0003 
    0.0988 
    0.0004 
   -0.0001 
   -0.1471 
    0.0002 
    0.0002 
    0.0472 
    0.0007 
   -0.0001 
   -0.0202 
    0.0004 
   -0.0006 
    0.1063 
   -0.0004 
   -0.0006 
   -0.0657 
   -0.0013 
    0.0006 
    0.0472 
   -0.0002 
    0.0006 
   -0.1640 
    0.0000 
   -0.0001 
    0.0372 
    0.0002 
   -0.0003 
   -0.0046 
    0.0000 
    0.0003 
    0.1027 
    0.0006 
   -0.0003 

Covariance matrix:
    0.5744    -0.1774     0.1182    -0.0008     0.0005    -0.0003 
   -0.1774     0.3537     0.1129     0.0003    -0.0006     0.0000 
    0.1182     0.1129     0.1608    -0.0001    -0.0001    -0.0001 
   -0.0008     0.0003    -0.0001     0.0000    -0.0000     0.0000 
    0.0005    -0.0006    -0.0001    -0.0000     0.0000    -0.0000 
   -0.0003     0.0000    -0.0001     0.0000    -0.0000     0.0000 
